0 0.047019 0.104043 0.052470 0.012938
0 0.164906 0.195148 0.014991 0.026954
0 0.189949 0.270081 0.011925 0.009704
0 0.180579 0.284906 0.007496 0.016712
0 0.180409 0.245283 0.005792 0.017251
0 0.169506 0.254178 0.009199 0.009164
0 0.180239 0.188679 0.006814 0.017251
0 0.179898 0.386253 0.007496 0.012399
0 0.197445 0.408356 0.007836 0.019946
0 0.047189 0.393801 0.054174 0.015633
0 0.172061 0.488410 0.019080 0.031267
0 0.193526 0.519677 0.020443 0.032345
0 0.220443 0.519137 0.020443 0.031267
0 0.193526 0.568194 0.017717 0.026954
0 0.220273 0.588949 0.019421 0.028571
0 0.131175 0.588679 0.019761 0.026954
0 0.129983 0.619137 0.010562 0.018868
0 0.071891 0.622372 0.011584 0.010243
0 0.149744 0.621833 0.011244 0.009164
0 0.161158 0.635310 0.005451 0.018868
0 0.185009 0.635040 0.006133 0.018329
0 0.172572 0.611860 0.011244 0.029111
0 0.195571 0.621833 0.011584 0.009164
0 0.217888 0.652291 0.012606 0.010782
0 0.173083 0.658491 0.010221 0.010243
0 0.222317 0.621833 0.009199 0.008086
0 0.243612 0.566846 0.006814 0.015633
0 0.378024 0.561186 0.009199 0.012938
0 0.288075 0.488410 0.020102 0.028032
0 0.351278 0.490027 0.018399 0.026954
0 0.332538 0.689218 0.004089 0.009164
0 0.246848 0.727493 0.008518 0.023181
0 0.264395 0.698652 0.104259 0.045283
0 0.226576 0.667385 0.004770 0.016173
0 0.220784 0.356065 0.018399 0.028571
0 0.193015 0.306199 0.010562 0.016173
0 0.244974 0.302156 0.020443 0.030728
0 0.292675 0.298113 0.023169 0.035580
0 0.288586 0.342318 0.009540 0.018329
0 0.288245 0.384097 0.010221 0.029650
0 0.267291 0.392992 0.013288 0.012938
0 0.245997 0.393261 0.007496 0.010243
0 0.277342 0.410512 0.004089 0.021024
0 0.300341 0.409704 0.007155 0.020485
0 0.311925 0.392453 0.010562 0.009704
0 0.312266 0.449326 0.013969 0.012399
0 0.340204 0.392992 0.007155 0.010782
0 0.353152 0.343127 0.008518 0.014555
0 0.378535 0.348787 0.010221 0.012938
0 0.349574 0.102695 0.008859 0.012399
0 0.418399 0.202695 0.007496 0.016173
0 0.391482 0.258760 0.009540 0.024798
0 0.476831 0.524528 0.006474 0.028032
0 0.457581 0.539623 0.014310 0.010782
0 0.457581 0.634501 0.015673 0.009704
0 0.476831 0.649326 0.007836 0.025337
0 0.463203 0.586253 0.020102 0.025337
0 0.467632 0.730728 0.005792 0.018868
0 0.500852 0.708625 0.004770 0.010243
0 0.505451 0.687601 0.009199 0.011321
0 0.521465 0.687871 0.009881 0.009704
0 0.515162 0.783288 0.008177 0.018329
0 0.515162 0.838814 0.007496 0.017251
0 0.526235 0.858221 0.007836 0.019407
0 0.634583 0.131267 0.006474 0.009164
0 0.644804 0.144205 0.006474 0.016712
0 0.657240 0.130997 0.010221 0.007547
0 0.616865 0.148787 0.011925 0.008625
0 0.627257 0.167385 0.007496 0.016712
0 0.645826 0.182480 0.010562 0.009164
0 0.703748 0.165229 0.018058 0.029650
0 0.608177 0.115903 0.017036 0.025876
0 0.798296 0.077898 0.053833 0.014555
0 0.799489 0.199730 0.052811 0.013477
0 0.742249 0.130997 0.025554 0.022642
0 0.725043 0.130189 0.008177 0.007008
0 0.798807 0.688140 0.052811 0.015633
0 0.770017 0.687871 0.010903 0.011860
0 0.635775 0.668464 0.017717 0.025876
0 0.663203 0.665499 0.009199 0.012399
0 0.662862 0.687871 0.011244 0.008625
0 0.677002 0.688679 0.010221 0.010243
0 0.593015 0.651213 0.009881 0.010782
0 0.582964 0.639353 0.007496 0.011860
0 0.593015 0.630997 0.006474 0.010243
0 0.592164 0.580863 0.017717 0.027493
0 0.682794 0.650943 0.018399 0.027493
0 0.593015 0.519677 0.018058 0.026954
0 0.448722 0.103235 0.017717 0.028571
0 0.449233 0.168194 0.016695 0.026954
0 0.415332 0.484906 0.090630 0.453369
0 0.545656 0.687332 0.010562 0.009704
0 0.532198 0.646900 0.017717 0.025876
0 0.556729 0.757951 0.004770 0.016173
0 0.556388 0.783019 0.006133 0.015633
0 0.537138 0.797574 0.017376 0.025337
0 0.556899 0.817520 0.007836 0.010243
0 0.556388 0.845013 0.014310 0.038275
0 0.576491 0.843396 0.021806 0.017790
0 0.607496 0.798652 0.017717 0.028571
0 0.606985 0.844205 0.021465 0.029111
