0 0.279726 0.776728 0.052964 0.028618
0 0.180112 0.647138 0.013679 0.022138
0 0.183444 0.686555 0.007015 0.011339
0 0.083129 0.672786 0.022448 0.035637
0 0.099790 0.686555 0.024904 0.059935
0 0.183444 0.598002 0.023851 0.037257
0 0.179937 0.553186 0.013329 0.019978
0 0.219046 0.564255 0.008067 0.011879
0 0.350228 0.673326 0.023501 0.034557
0 0.350228 0.608801 0.025605 0.030778
0 0.422834 0.672516 0.021396 0.037257
0 0.452122 0.671436 0.022448 0.037257
0 0.483515 0.642549 0.020694 0.031317
0 0.581375 0.681425 0.008067 0.011879
0 0.363557 0.529968 0.009470 0.011339
0 0.364083 0.480292 0.018239 0.017819
0 0.388460 0.477052 0.022098 0.034017
0 0.412487 0.527268 0.009120 0.009179
0 0.204314 0.319654 0.020694 0.033477
0 0.221150 0.336663 0.014381 0.032937
0 0.235882 0.315065 0.011575 0.014579
0 0.235356 0.291847 0.015433 0.021058
0 0.235356 0.231102 0.019642 0.082073
0 0.339355 0.290227 0.021396 0.035097
0 0.339004 0.336663 0.022799 0.034017
0 0.298843 0.385259 0.022448 0.032937
0 0.319362 0.384719 0.010172 0.013499
0 0.339355 0.384989 0.022799 0.034557
0 0.412662 0.386339 0.009470 0.021058
0 0.412311 0.420086 0.011575 0.007559
0 0.364083 0.446814 0.017538 0.023218
0 0.412662 0.453024 0.012276 0.021598
0 0.412311 0.489201 0.010172 0.021598
0 0.435110 0.533477 0.015082 0.014039
0 0.411961 0.260799 0.012978 0.008639
0 0.349877 0.641199 0.008769 0.021058
0 0.267801 0.706533 0.012276 0.022138
0 0.261487 0.689255 0.006664 0.010259
0 0.182743 0.704644 0.007717 0.008639
0 0.236408 0.553996 0.006314 0.009719
0 0.297439 0.526458 0.027359 0.029158
0 0.322518 0.534017 0.012978 0.011879
0 0.470011 0.534017 0.007717 0.023758
0 0.511750 0.318844 0.021045 0.032937
0 0.542617 0.288337 0.015433 0.023758
0 0.542792 0.227862 0.017187 0.080994
0 0.581200 0.227052 0.016836 0.081533
0 0.580849 0.288607 0.016135 0.023218
0 0.526657 0.359071 0.006664 0.010799
0 0.528937 0.336663 0.015433 0.030778
0 0.568923 0.414417 0.020344 0.027538
0 0.520694 0.370140 0.009470 0.009179
0 0.587689 0.366361 0.008769 0.012419
0 0.550509 0.355022 0.005963 0.016739
0 0.446335 0.262149 0.005963 0.017819
0 0.412487 0.242441 0.007717 0.019438
0 0.586110 0.451134 0.021747 0.036177
0 0.607331 0.534287 0.012978 0.011339
0 0.607682 0.684935 0.008769 0.010259
0 0.725009 0.227862 0.018941 0.080994
0 0.725886 0.288607 0.015082 0.024298
0 0.725360 0.312095 0.011224 0.015119
0 0.711329 0.337473 0.014030 0.033477
0 0.694318 0.319384 0.022098 0.032937
0 0.733427 0.355292 0.004911 0.016199
0 0.631708 0.526728 0.022448 0.031857
0 0.694844 0.554536 0.007015 0.011879
0 0.708523 0.564795 0.007717 0.010799
0 0.759032 0.536987 0.014732 0.019978
0 0.756401 0.586393 0.023501 0.036717
0 0.758681 0.630940 0.013329 0.018898
0 0.749562 0.661447 0.009821 0.009719
0 0.756051 0.688715 0.006664 0.009179
0 0.755875 0.704104 0.007015 0.008639
0 0.669765 0.690065 0.006664 0.011879
0 0.663978 0.707073 0.013329 0.022138
0 0.642582 0.809395 0.004911 0.016199
0 0.615398 0.876620 0.007366 0.017819
0 0.804279 0.701674 0.023150 0.032937
0 0.899860 0.667387 0.006664 0.011879
0 0.899860 0.704374 0.006664 0.008099
0 0.905823 0.674676 0.008067 0.013499
0 0.867590 0.610691 0.006664 0.009719
0 0.872150 0.602322 0.008067 0.013499
0 0.822343 0.606371 0.012276 0.018359
0 0.801824 0.610961 0.007015 0.011339
0 0.804981 0.598542 0.007015 0.011339
0 0.889688 0.582613 0.006664 0.011879
0 0.893897 0.590983 0.006664 0.010259
0 0.880393 0.600972 0.008418 0.037797
0 0.880568 0.473272 0.020694 0.034017
0 0.896703 0.648218 0.012978 0.018898
0 0.936163 0.707883 0.053315 0.025918
0 0.880744 0.353402 0.023851 0.032937
0 0.897755 0.353942 0.009470 0.009179
0 0.919502 0.353132 0.019993 0.031317
0 0.880919 0.409017 0.022799 0.032937
0 0.619958 0.740011 0.019291 0.025378
0 0.614346 0.765659 0.011575 0.007559
0 0.615573 0.811825 0.011224 0.007019
0 0.252192 0.601782 0.039284 0.176566
0 0.159067 0.702484 0.029113 0.031317
0 0.158365 0.750810 0.015784 0.010259
0 0.045423 0.708693 0.052262 0.028618
0 0.678008 0.601512 0.044897 0.181425
0 0.522448 0.607451 0.066994 0.275378
0 0.561557 0.685745 0.007717 0.024838
0 0.542792 0.311825 0.010172 0.016739
