0 0.025970 0.539522 0.050799 0.033088
0 0.025685 0.655331 0.050228 0.031250
0 0.097317 0.617188 0.011986 0.019301
0 0.091039 0.500000 0.013128 0.022059
0 0.115582 0.499540 0.005137 0.013787
0 0.121290 0.473346 0.013128 0.020221
0 0.157820 0.473346 0.013128 0.018382
0 0.158105 0.509651 0.010274 0.017463
0 0.158390 0.529871 0.008562 0.015625
0 0.131564 0.522059 0.011986 0.020221
0 0.135274 0.539062 0.010274 0.011949
0 0.121575 0.534007 0.009132 0.020221
0 0.109589 0.528952 0.007991 0.022978
0 0.123002 0.500460 0.007420 0.019301
0 0.230594 0.472426 0.012557 0.018382
0 0.231450 0.534926 0.008562 0.022059
0 0.240582 0.526654 0.011986 0.016544
0 0.085331 0.646140 0.008562 0.023897
0 0.097888 0.651195 0.009703 0.022978
0 0.122146 0.736673 0.005708 0.017463
0 0.122432 0.749540 0.006279 0.015625
0 0.131564 0.773438 0.010845 0.008272
0 0.146404 0.773897 0.013128 0.020221
0 0.122432 0.788143 0.007420 0.019301
0 0.121861 0.854779 0.040525 0.069853
0 0.174087 0.852022 0.011416 0.012868
0 0.242580 0.855699 0.039954 0.069853
0 0.268265 0.851562 0.005708 0.010110
0 0.146975 0.852022 0.005137 0.011029
0 0.295377 0.852482 0.010845 0.011949
0 0.243436 0.787684 0.007420 0.016544
0 0.242865 0.736213 0.006279 0.016544
0 0.243436 0.750000 0.005137 0.014706
0 0.252568 0.772978 0.010845 0.007353
0 0.267123 0.773438 0.012557 0.019301
0 0.339897 0.850643 0.010845 0.021140
0 0.351598 0.857537 0.010274 0.022059
0 0.454338 0.924632 0.017123 0.025735
0 0.473459 0.925092 0.009703 0.010110
0 0.492865 0.924632 0.014269 0.023897
0 0.334475 0.734835 0.012557 0.019301
0 0.348459 0.745404 0.010845 0.011029
0 0.364441 0.765165 0.011986 0.017463
0 0.355594 0.754596 0.012557 0.018382
0 0.359589 0.675551 0.004566 0.009191
0 0.359018 0.695312 0.004566 0.010110
0 0.398402 0.676471 0.013699 0.012868
0 0.397546 0.704963 0.010845 0.011029
0 0.463470 0.702665 0.012557 0.021140
0 0.485160 0.704963 0.007991 0.009191
0 0.510274 0.695772 0.012557 0.022059
0 0.497717 0.723346 0.010274 0.020221
0 0.463756 0.728860 0.011986 0.020221
0 0.459189 0.752757 0.003995 0.009191
0 0.418094 0.856618 0.006279 0.022059
0 0.400400 0.753217 0.011986 0.017463
0 0.363870 0.752757 0.003995 0.009191
0 0.274258 0.520680 0.008562 0.015625
0 0.267409 0.474265 0.013128 0.022059
0 0.335616 0.410846 0.013699 0.020221
0 0.356735 0.409467 0.012557 0.017463
0 0.356450 0.429228 0.009703 0.018382
0 0.341324 0.460938 0.013699 0.021140
0 0.355879 0.460478 0.010845 0.009191
0 0.365868 0.371783 0.004566 0.008272
0 0.316495 0.305607 0.006279 0.019301
0 0.327626 0.305607 0.006849 0.019301
0 0.498573 0.382812 0.010845 0.010110
0 0.521689 0.422335 0.012557 0.021140
0 0.558790 0.421415 0.011416 0.022978
0 0.570205 0.421415 0.013699 0.022978
0 0.607021 0.442096 0.015411 0.022059
0 0.521404 0.205882 0.009703 0.020221
0 0.507135 0.212776 0.011986 0.019301
0 0.506564 0.236213 0.011986 0.011029
0 0.502854 0.265625 0.003425 0.009191
0 0.503425 0.285386 0.004566 0.008272
0 0.397260 0.174173 0.007991 0.021140
0 0.401256 0.187500 0.009132 0.009191
0 0.397546 0.214614 0.008562 0.021140
0 0.400970 0.227482 0.010845 0.010110
0 0.418950 0.188879 0.011416 0.010110
0 0.422945 0.207261 0.007991 0.011949
0 0.419521 0.227941 0.011416 0.009191
0 0.422089 0.246324 0.009703 0.009191
0 0.346461 0.148438 0.015982 0.022978
0 0.436929 0.135570 0.010845 0.021140
0 0.437215 0.153493 0.006849 0.011029
0 0.486587 0.156250 0.007420 0.009191
0 0.530251 0.179688 0.011416 0.013787
0 0.529680 0.168658 0.005708 0.010110
0 0.506849 0.164982 0.013699 0.019301
0 0.412671 0.618107 0.012557 0.019301
0 0.412386 0.735754 0.010845 0.019301
0 0.533676 0.636949 0.012557 0.018382
0 0.460331 0.676471 0.005137 0.007353
0 0.571347 0.636489 0.012557 0.024816
0 0.583048 0.636489 0.010845 0.021140
0 0.617865 0.656250 0.015411 0.022059
0 0.599600 0.736673 0.023402 0.013787
0 0.595320 0.791820 0.011416 0.019301
0 0.594749 0.822610 0.011416 0.016544
0 0.595034 0.803309 0.006279 0.009191
0 0.475457 0.500000 0.011416 0.009191
0 0.472317 0.520221 0.005137 0.009191
0 0.475457 0.558824 0.012557 0.009191
0 0.376427 0.519301 0.038242 0.082721
0 0.357021 0.537684 0.008562 0.011029
0 0.266838 0.557904 0.010845 0.018382
0 0.260559 0.520221 0.005137 0.018382
0 0.767409 0.109375 0.007420 0.016544
0 0.788813 0.071232 0.039954 0.124081
0 0.771404 0.167279 0.006279 0.011029
0 0.759989 0.205882 0.011986 0.020221
0 0.770548 0.208180 0.005708 0.011949
0 0.740582 0.246783 0.010845 0.008272
0 0.740297 0.285846 0.011416 0.009191
0 0.729167 0.284467 0.003995 0.008272
0 0.678653 0.295496 0.006849 0.024816
0 0.655537 0.344210 0.006279 0.017463
0 0.643836 0.285386 0.004566 0.008272
0 0.644692 0.295956 0.003995 0.009191
0 0.770833 0.286765 0.006279 0.011029
0 0.806507 0.286765 0.007991 0.027574
0 0.802226 0.323989 0.011986 0.011949
0 0.813071 0.396599 0.016553 0.019301
0 0.813356 0.422794 0.011416 0.018382
0 0.759132 0.403493 0.013699 0.018382
0 0.777112 0.403493 0.010845 0.011029
0 0.740582 0.344669 0.006279 0.016544
0 0.741153 0.376379 0.006279 0.017463
0 0.890126 0.363051 0.013128 0.018382
0 0.909817 0.362132 0.011416 0.018382
0 0.909817 0.386029 0.005708 0.018382
0 0.861587 0.380515 0.010845 0.020221
0 0.861872 0.394761 0.005708 0.006434
0 0.861301 0.414062 0.011416 0.019301
0 0.854167 0.432904 0.014269 0.020221
0 0.838185 0.458640 0.011986 0.018382
0 0.837614 0.491728 0.011986 0.018382
0 0.969463 0.482996 0.049658 0.035846
0 0.971747 0.403033 0.050799 0.035846
0 0.971747 0.675092 0.048516 0.032169
0 0.970034 0.734375 0.050799 0.033088
0 0.970605 0.811581 0.050799 0.033088
0 0.789098 0.801930 0.008562 0.021140
0 0.765411 0.807445 0.010274 0.019301
0 0.775114 0.796875 0.011416 0.016544
0 0.716610 0.805147 0.015411 0.022059
0 0.716324 0.831801 0.011416 0.020221
0 0.715753 0.637408 0.011416 0.017463
0 0.733733 0.647059 0.013128 0.022059
0 0.757705 0.647059 0.006279 0.012868
0 0.765696 0.644301 0.007420 0.016544
0 0.764555 0.616728 0.009703 0.020221
0 0.764840 0.577665 0.012557 0.019301
0 0.667808 0.653493 0.012557 0.020221
0 0.667808 0.687040 0.012557 0.019301
0 0.667808 0.667279 0.005708 0.005515
0 0.643836 0.773438 0.012557 0.019301
0 0.643265 0.797335 0.006849 0.017463
0 0.696632 0.637408 0.013128 0.019301
0 0.716610 0.660846 0.006279 0.016544
0 0.970605 0.294118 0.050799 0.034926
0 0.703482 0.297794 0.038242 0.071691
0 0.729167 0.294577 0.003995 0.008272
0 0.837614 0.471967 0.006279 0.006434
0 0.654966 0.412684 0.007420 0.014706
0 0.667808 0.414982 0.007991 0.015625
0 0.592466 0.295956 0.010274 0.031250
0 0.619292 0.297794 0.039954 0.071691
0 0.388984 0.845129 0.051941 0.078125
0 0.375571 0.796875 0.022831 0.027574
0 0.376998 0.746783 0.031393 0.074449
0 0.433505 0.337316 0.023402 0.025735
0 0.395548 0.352941 0.053653 0.058824
0 0.378425 0.390625 0.019406 0.025735
0 0.376998 0.424173 0.035959 0.046875
0 0.376142 0.462776 0.029680 0.048713
0 0.461758 0.511029 0.015982 0.115809
0 0.449486 0.692096 0.015411 0.187500
0 0.449486 0.789522 0.018836 0.031250
0 0.437500 0.822610 0.059932 0.049632
0 0.553938 0.158088 0.014269 0.022059
0 0.788242 0.669118 0.018265 0.023897
0 0.787957 0.695772 0.013128 0.020221
0 0.837329 0.617647 0.011416 0.020221
0 0.838185 0.540441 0.011986 0.020221
0 0.807363 0.647059 0.015411 0.022059
0 0.831336 0.647059 0.006279 0.011029
0 0.838470 0.646140 0.007991 0.014706
0 0.837900 0.670037 0.009132 0.020221
0 0.847888 0.659467 0.013128 0.019301
0 0.861587 0.665901 0.008562 0.022978
0 0.623288 0.772978 0.013699 0.022059
0 0.485445 0.715993 0.009703 0.011029
0 0.362443 0.636949 0.007991 0.022059
0 0.774829 0.242647 0.010845 0.016544
0 0.845320 0.451287 0.010274 0.012868
